{
  "camera_angle_x": 0.6389789414877344,
  "camera_angle_y": 1.0568527777908532,
  "fl_x": 822.1921610705405,
  "fl_y": 822.1921610705405,
  "k1": -0.026398959851347256,
  "k2": 0,
  "p1": 0,
  "p2": 0,
  "cx": 272.0,
  "cy": 480.0,
  "w": 544.0,
  "h": 960.0,
  "aabb_scale": 16,
  "frames": [
    {
      "file_path": "./images/img_0100.jpg",
      "sharpness": 33.10010611317425,
      "transform_matrix": [
        [
          0.12246077785616555,
          0.022517557786656955,
          0.9922178780316445,
          4.06064571003832
        ],
        [
          0.9887496223312559,
          0.08375372357057932,
          -0.12393344233042444,
          -0.5730942684859037
        ],
        [
          -0.0858926203278238,
          0.9962320379242847,
          -0.012007680620575813,
          0.06621139072456787
        ],
        [
          0.0,
          0.0,
          0.0,
          1.0
        ]
      ]
    },
    {
      "file_path": "./images/img_0101.jpg",
      "sharpness": 31.327105963449224,
      "transform_matrix": [
        [
          0.11559473701593223,
          0.0224066420126183,
          0.9930437045645913,
          4.090340243380083
        ],
        [
          0.9899814663074482,
          0.07901119451601556,
          -0.11702105583575029,
          -0.5646298793584442
        ],
        [
          -0.08108361821030789,
          0.9966218809268951,
          -0.013048882063284369,
          0.06964341443765688
        ],
        [
          0.0,
          0.0,
          0.0,
          1.0
        ]
      ]
    },
    {
      "file_path": "./images/img_0102.jpg",
      "sharpness": 29.557634387865104,
      "transform_matrix": [
        [
          0.109470321845862,
          0.020817957838120613,
          0.9937720368745769,
          4.055583788073388
        ],
        [
          0.990904259456993,
          0.07643267675631253,
          -0.1107555619996568,
          -0.5398250587534553
        ],
        [
          -0.07826236148394304,
          0.9968573912865922,
          -0.012261493370935454,
          0.07908766728535627
        ],
        [
          0.0,
          0.0,
          0.0,
          1.0
        ]
      ]
    },
    {
      "file_path": "./images/img_0103.jpg",
      "sharpness": 29.42126004642177,
      "transform_matrix": [
        [
          0.10235584404408826,
          0.020878342647190754,
          0.9945287205534894,
          4.055930517616536
        ],
        [
          0.9919527530792955,
          0.07275324729530823,
          -0.10361805183654359,
          -0.5135026323547816
        ],
        [
          -0.07451856713939224,
          0.9971314155233969,
          -0.013263609434754103,
          0.07937565679031448
        ],
        [
          0.0,
          0.0,
          0.0,
          1.0
        ]
      ]
    },
    {
      "file_path": "./images/img_0104.jpg",
      "sharpness": 32.18768481804563,
      "transform_matrix": [
        [
          0.09602609615677477,
          0.020085457702300892,
          0.9951761468469845,
          4.054386401822467
        ],
        [
          0.9928519081264212,
          0.06926253752931547,
          -0.09719973983880506,
          -0.4895295513167766
        ],
        [
          -0.0708807264824758,
          0.9973962478831027,
          -0.013290873916469603,
          0.07849856877645614
        ],
        [
          0.0,
          0.0,
          0.0,
          1.0
        ]
      ]
    },
    {
      "file_path": "./images/img_0105.jpg",
      "sharpness": 30.052639327700074,
      "transform_matrix": [
        [
          0.08904701298648682,
          0.018101139631265153,
          0.9958629314467257,
          4.03967564548649
        ],
        [
          0.993850646806669,
          0.06445113228875136,
          -0.09003856611847144,
          -0.460772620432912
        ],
        [
          -0.06581429419364601,
          0.9977566839155502,
          -0.012250648516560401,
          0.07887469826105219
        ],
        [
          0.0,
          0.0,
          0.0,
          1.0
        ]
      ]
    },
    {
      "file_path": "./images/img_0106.jpg",
      "sharpness": 29.409537266570297,
      "transform_matrix": [
        [
          0.08159150761027217,
          0.015169643344258084,
          0.9965504040509556,
          4.018767488040324
        ],
        [
          0.9947229969708923,
          0.06116258549346217,
          -0.08237291686597083,
          -0.4269708018641447
        ],
        [
          -0.06220116705639385,
          0.9980125350234704,
          -0.010099245530626133,
          0.08291945618181547
        ],
        [
          0.0,
          0.0,
          0.0,
          1.0
        ]
      ]
    },
    {
      "file_path": "./images/img_0107.jpg",
      "sharpness": 37.02114525471591,
      "transform_matrix": [
        [
          0.07396299207378118,
          0.015719265959084322,
          0.9971370921235623,
          4.020028927814596
        ],
        [
          0.9955880331173897,
          0.056727827568068864,
          -0.07474237013141653,
          -0.39192697369941015
        ],
        [
          -0.05774031621821908,
          0.9982659256252964,
          -0.011454153217473916,
          0.07422416546637779
        ],
        [
          0.0,
          0.0,
          0.0,
          1.0
        ]
      ]
    },
    {
      "file_path": "./images/img_0108.jpg",
      "sharpness": 38.220533453777456,
      "transform_matrix": [
        [
          0.06597067625919353,
          0.012887113982858016,
          0.9977383385309645,
          3.994553619534973
        ],
        [
          0.9963621226092503,
          0.0532105233390137,
          -0.06656696504712006,
          -0.34933400847990764
        ],
        [
          -0.05394803521468579,
          0.9985001564880193,
          -0.009329898033487355,
          0.07803058534851445
        ],
        [
          0.0,
          0.0,
          0.0,
          1.0
        ]
      ]
    },
    {
      "file_path": "./images/img_0109.jpg",
      "sharpness": 35.78618821703622,
      "transform_matrix": [
        [
          0.06208306500371487,
          0.010753655012099489,
          0.9980130519943402,
          4.050506950988287
        ],
        [
          0.9969077174315663,
          0.04759577726665891,
          -0.06252715339573378,
          -0.3274015904338405
        ],
        [
          -0.04817360236844745,
          0.9988087909593535,
          -0.007765509938210215,
          0.07793978419490569
        ],
        [
          0.0,
          0.0,
          0.0,
          1.0
        ]
      ]
    },
    {
      "file_path": "./images/img_0110.jpg",
      "sharpness": 32.46827314858252,
      "transform_matrix": [
        [
          0.05199594009308198,
          0.011043162935852925,
          0.9985862360225283,
          3.9854666025022087
        ],
        [
          0.9976717660313782,
          0.04361280073275389,
          -0.052430629178783855,
          -0.2717397901623237
        ],
        [
          -0.04413014250697187,
          0.9989874734810451,
          -0.00874976329459276,
          0.0698256724328728
        ],
        [
          0.0,
          0.0,
          0.0,
          1.0
        ]
      ]
    },
    {
      "file_path": "./images/img_0111.jpg",
      "sharpness": 24.56118068091918,
      "transform_matrix": [
        [
          0.04751719751631121,
          0.00931167442116456,
          0.9988270163882744,
          4.005923924807455
        ],
        [
          0.998070728654444,
          0.03956253060829541,
          -0.04785004467147086,
          -0.2404259466021749
        ],
        [
          -0.03996168844527241,
          0.9991737080702081,
          -0.007413809093365108,
          0.07028232746210884
        ],
        [
          0.0,
          0.0,
          0.0,
          1.0
        ]
      ]
    },
    {
      "file_path": "./images/img_0112.jpg",
      "sharpness": 26.465115654449285,
      "transform_matrix": [
        [
          0.0387254569443805,
          0.007776548738826737,
          0.9992196276502949,
          3.922777960668267
        ],
        [
          0.9986010797507902,
          0.035727844936683156,
          -0.038979541002214006,
          -0.18853354910905926
        ],
        [
          -0.036003090214800845,
          0.99933129961656,
          -0.006382092846515919,
          0.0714611655660032
        ],
        [
          0.0,
          0.0,
          0.0,
          1.0
        ]
      ]
    },
    {
      "file_path": "./images/img_0113.jpg",
      "sharpness": 27.512484211450545,
      "transform_matrix": [
        [
          0.03200209911973808,
          0.005084753787391066,
          0.9994748675871165,
          3.9048845121374374
        ],
        [
          0.9989810171822124,
          0.031677581354386725,
          -0.03214744389737812,
          -0.14714320786563442
        ],
        [
          -0.03182440826676793,
          0.9994852055562852,
          -0.004065823412272303,
          0.07570040945351335
        ],
        [
          0.0,
          0.0,
          0.0,
          1.0
        ]
      ]
    },
    {
      "file_path": "./images/img_0114.jpg",
      "sharpness": 32.43885867635454,
      "transform_matrix": [
        [
          0.024979395461434975,
          0.002497471868934932,
          0.9996848465611937,
          3.871587168302154
        ],
        [
          0.9992817506882716,
          0.02844225982974298,
          -0.02504037933353432,
          -0.10182209403395309
        ],
        [
          -0.028495833796723165,
          0.9995923171460824,
          -0.001785207605379903,
          0.07896165321718043
        ],
        [
          0.0,
          0.0,
          0.0,
          1.0
        ]
      ]
    },
    {
      "file_path": "./images/img_0115.jpg",
      "sharpness": 32.42465915209145,
      "transform_matrix": [
        [
          0.018441122139486385,
          0.004015324408221145,
          0.9998218852333478,
          3.9176745310795864
        ],
        [
          0.9995352604886191,
          0.02420309098451937,
          -0.018533036091004415,
          -0.06218210511523285
        ],
        [
          -0.024273196208791044,
          0.999698998481106,
          -0.0035671261713189142,
          0.06696738648187792
        ],
        [
          0.0,
          0.0,
          0.0,
          1.0
        ]
      ]
    },
    {
      "file_path": "./images/img_0116.jpg",
      "sharpness": 29.582082864536964,
      "transform_matrix": [
        [
          0.009741912987288555,
          0.0023126076029464024,
          0.999949872236031,
          3.8928871960932985
        ],
        [
          0.9997266576126584,
          0.021231783698395682,
          -0.009788841586908171,
          -0.014162809216791476
        ],
        [
          -0.02125335714603173,
          0.9997719055937183,
          -0.0021051372799084297,
          0.06657385914894173
        ],
        [
          0.0,
          0.0,
          0.0,
          1.0
        ]
      ]
    },
    {
      "file_path": "./images/img_0117.jpg",
      "sharpness": 29.66603810639989,
      "transform_matrix": [
        [
          0.004711739545097477,
          0.0004280094681973004,
          0.999988808100264,
          3.8904112399112774
        ],
        [
          0.9998410265378269,
          0.017194717987754755,
          -0.004718402813769295,
          0.014405031883248546
        ],
        [
          -0.01719654506727412,
          0.9998520683024331,
          -0.0003469243933404906,
          0.06712859689842268
        ],
        [
          0.0,
          0.0,
          0.0,
          1.0
        ]
      ]
    },
    {
      "file_path": "./images/img_0118.jpg",
      "sharpness": 28.400311904076382,
      "transform_matrix": [
        [
          -0.0017227564791999946,
          -0.00020004361204486315,
          0.9999984960489184,
          3.9095758114908583
        ],
        [
          0.9999159508164401,
          0.012849709737476065,
          0.0017251847796403569,
          0.042763959668594344
        ],
        [
          -0.012850035524335961,
          0.9999174190650215,
          0.0001778898778365956,
          0.06260331061804236
        ],
        [
          0.0,
          0.0,
          0.0,
          1.0
        ]
      ]
    },
    {
      "file_path": "./images/img_0119.jpg",
      "sharpness": 34.52873666799238,
      "transform_matrix": [
        [
          -0.0077656445456004974,
          -0.0019018325700420266,
          0.9999680383917774,
          3.887297693829549
        ],
        [
          0.9999229227984566,
          0.00967277727144383,
          0.007783690773356149,
          0.0725016990239211
        ],
        [
          -0.009687271390554156,
          0.9999514090295442,
          0.0018265706320510222,
          0.06260853524198898
        ],
        [
          0.0,
          0.0,
          0.0,
          1.0
        ]
      ]
    },
    {
      "file_path": "./images/img_0120.jpg",
      "sharpness": 35.125714116134986,
      "transform_matrix": [
        [
          -0.01515228576135506,
          -0.0030671824207079146,
          0.9998804931768779,
          3.918167070606471
        ],
        [
          0.9998658995763471,
          0.006166378341590955,
          0.015170980276093152,
          0.10542652655394297
        ],
        [
          -0.006212173581312915,
          0.9999762838075636,
          0.00297333638350155,
          0.06201372355858998
        ],
        [
          0.0,
          0.0,
          0.0,
          1.0
        ]
      ]
    },
    {
      "file_path": "./images/img_0121.jpg",
      "sharpness": 30.0819603807236,
      "transform_matrix": [
        [
          -0.019745778260632504,
          -0.0036162165849644504,
          0.9997984933104892,
          3.8890438626330357
        ],
        [
          0.9997994348292126,
          0.0032750088013100156,
          0.019757642383268516,
          0.12929485681796962
        ],
        [
          -0.003345796779194529,
          0.9999880985803784,
          0.0035508237002752907,
          0.05750307272699645
        ],
        [
          0.0,
          0.0,
          0.0,
          1.0
        ]
      ]
    },
    {
      "file_path": "./images/img_0122.jpg",
      "sharpness": 25.277189853877932,
      "transform_matrix": [
        [
          -0.024102769840943342,
          -0.004343205270852302,
          0.9997000515461634,
          3.8994546775340897
        ],
        [
          0.9997094844853047,
          -4.8875583731285404e-05,
          0.024102784928509792,
          0.15696468933113583
        ],
        [
          -5.58224189682148e-05,
          0.9999905670488055,
          0.004343121539283221,
          0.05152395271770084
        ],
        [
          0.0,
          0.0,
          0.0,
          1.0
        ]
      ]
    },
    {
      "file_path": "./images/img_0123.jpg",
      "sharpness": 26.199595957557676,
      "transform_matrix": [
        [
          -0.02913714194603922,
          -0.006010928912246444,
          0.999557349880566,
          3.889765711200079
        ],
        [
          0.9995745506987146,
          -0.001496568586529105,
          0.029128643599311867,
          0.18987378237775052
        ],
        [
          0.0013208159242799134,
          0.9999808143277134,
          0.006051977298078416,
          0.04778487136834854
        ],
        [
          0.0,
          0.0,
          0.0,
          1.0
        ]
      ]
    },
    {
      "file_path": "./images/img_0124.jpg",
      "sharpness": 27.73556788962239,
      "transform_matrix": [
        [
          -0.032919020971750985,
          -0.0063148433924728326,
          0.999438072528069,
          3.9035325570485977
        ],
        [
          0.9994511800700862,
          -0.0039081256060359195,
          0.03289475962469669,
          0.21266899753414065
        ],
        [
          0.0036982042674311186,
          0.999972424277097,
          0.0064400293493501876,
          0.04024698859590443
        ],
        [
          0.0,
          0.0,
          0.0,
          1.0
        ]
      ]
    },
    {
      "file_path": "./images/img_0125.jpg",
      "sharpness": 21.74819577731522,
      "transform_matrix": [
        [
          -0.0361302435300065,
          -0.00599044169411992,
          0.9993291350291974,
          3.9233007969732734
        ],
        [
          0.9993335272640426,
          -0.005426300538560923,
          0.036097874570101544,
          0.22968243020951376
        ],
        [
          0.005206418010714697,
          0.9999673344055862,
          0.006182502787979723,
          0.029659719863222567
        ],
        [
          0.0,
          0.0,
          0.0,
          1.0
        ]
      ]
    },
    {
      "file_path": "./images/img_0126.jpg",
      "sharpness": 18.691034727290887,
      "transform_matrix": [
        [
          -0.04177216863939414,
          -0.006205253793692342,
          0.9991078924520364,
          3.9323680620902173
        ],
        [
          0.9990994376699618,
          -0.007708873823179318,
          0.04172393691816538,
          0.25717701605266413
        ],
        [
          0.007443089060806129,
          0.9999510328496956,
          0.006521681953239142,
          0.017733885373646337
        ],
        [
          0.0,
          0.0,
          0.0,
          1.0
        ]
      ]
    },
    {
      "file_path": "./images/img_0127.jpg",
      "sharpness": 17.538600949258452,
      "transform_matrix": [
        [
          -0.04846403411037534,
          -0.010535900320821544,
          0.9987693588660047,
          3.906528176534418
        ],
        [
          0.9987646897461279,
          -0.011493066750203142,
          0.04834256853957468,
          0.29762883137971985
        ],
        [
          0.010969590426119145,
          0.9998784447264293,
          0.01107988559413621,
          0.005029234779565286
        ],
        [
          0.0,
          0.0,
          0.0,
          1.0
        ]
      ]
    },
    {
      "file_path": "./images/img_0128.jpg",
      "sharpness": 15.945290835478446,
      "transform_matrix": [
        [
          -0.05239629509722343,
          -0.01007349597512252,
          0.9985755619613148,
          3.934104789139439
        ],
        [
          0.9985450219136985,
          -0.013291653010428978,
          0.0522606082209979,
          0.32209187935814454
        ],
        [
          0.012746272847712226,
          0.999860918651453,
          0.010755272632690684,
          -0.011330233549224501
        ],
        [
          0.0,
          0.0,
          0.0,
          1.0
        ]
      ]
    },
    {
      "file_path": "./images/img_0129.jpg",
      "sharpness": 15.612668504901961,
      "transform_matrix": [
        [
          -0.05607408763023215,
          -0.010548691337751145,
          0.9983708838978279,
          3.9414370458836965
        ],
        [
          0.9983265011731153,
          -0.014752249529061637,
          0.05591572398963368,
          0.34602472195414563
        ],
        [
          0.014138378688517032,
          0.9998355346017317,
          0.01135825704800799,
          -0.02460260840820551
        ],
        [
          0.0,
          0.0,
          0.0,
          1.0
        ]
      ]
    },
    {
      "file_path": "./images/img_0130.jpg",
      "sharpness": 13.308214426696965,
      "transform_matrix": [
        [
          -0.06066258153096456,
          -0.011843365487773976,
          0.9980880652043455,
          3.938268221807978
        ],
        [
          0.9980242304818437,
          -0.01710984150987757,
          0.06045567545431231,
          0.3670733483498933
        ],
        [
          0.016361129948331034,
          0.9997834705699362,
          0.012857892882825763,
          -0.03381342644367032
        ],
        [
          0.0,
          0.0,
          0.0,
          1.0
        ]
      ]
    },
    {
      "file_path": "./images/img_0131.jpg",
      "sharpness": 12.711731775992199,
      "transform_matrix": [
        [
          -0.06570123228871719,
          -0.012747134231232984,
          0.9977579158553778,
          3.938103472610199
        ],
        [
          0.9976854311944933,
          -0.018400781863873703,
          0.06546137494021134,
          0.3885543242780591
        ],
        [
          0.017525080829284098,
          0.9997494295087773,
          0.013926584155514225,
          -0.04397789523404937
        ],
        [
          0.0,
          0.0,
          0.0,
          1.0
        ]
      ]
    },
    {
      "file_path": "./images/img_0132.jpg",
      "sharpness": 14.267742536897527,
      "transform_matrix": [
        [
          -0.06955600063103351,
          -0.013744682043355456,
          0.9974833565023401,
          3.9420727776167945
        ],
        [
          0.9974025585292057,
          -0.01971275725111772,
          0.06927873729334554,
          0.41372120372612065
        ],
        [
          0.018710933052298564,
          0.9997112037606268,
          0.015080121592011383,
          -0.054353881780159985
        ],
        [
          0.0,
          0.0,
          0.0,
          1.0
        ]
      ]
    },
    {
      "file_path": "./images/img_0133.jpg",
      "sharpness": 18.171098832211467,
      "transform_matrix": [
        [
          -0.07522829394516896,
          -0.012701047776180339,
          0.9970854462797653,
          3.9308207604741954
        ],
        [
          0.9969636959506679,
          -0.021115545900337814,
          0.07495013460776453,
          0.43909218309319153
        ],
        [
          0.02010205826699483,
          0.9996963624591986,
          0.014250970027190175,
          -0.06912645379321547
        ],
        [
          0.0,
          0.0,
          0.0,
          1.0
        ]
      ]
    },
    {
      "file_path": "./images/img_0134.jpg",
      "sharpness": 22.07812444231502,
      "transform_matrix": [
        [
          -0.07916326839875368,
          -0.013519759343170526,
          0.9967699800110165,
          3.967812277167597
        ],
        [
          0.9966295851390973,
          -0.022648348734534533,
          0.07884492580424424,
          0.4541206453787417
        ],
        [
          0.021509229693100988,
          0.9996520736808067,
          0.015267109455025091,
          -0.07548179931936408
        ],
        [
          0.0,
          0.0,
          0.0,
          1.0
        ]
      ]
    },
    {
      "file_path": "./images/img_0135.jpg",
      "sharpness": 23.56453192146592,
      "transform_matrix": [
        [
          -0.08399937251899768,
          -0.014434628600938079,
          0.9963612532214404,
          3.966815050820032
        ],
        [
          0.9961754347809705,
          -0.025353510225144545,
          0.08361640184924767,
          0.4658060687607116
        ],
        [
          0.024054283515846937,
          0.9995743299144143,
          0.016509101372507537,
          -0.07964445188041049
        ],
        [
          0.0,
          0.0,
          0.0,
          1.0
        ]
      ]
    },
    {
      "file_path": "./images/img_0136.jpg",
      "sharpness": 21.12082902319473,
      "transform_matrix": [
        [
          -0.0900861744475913,
          -0.016013327211289834,
          0.9958052292152588,
          3.956808156403753
        ],
        [
          0.9956079069323084,
          -0.02703159728682843,
          0.0896336343232696,
          0.4821549512899397
        ],
        [
          0.02548287321670913,
          0.9995063111892692,
          0.018378168376632784,
          -0.07889698652169425
        ],
        [
          0.0,
          0.0,
          0.0,
          1.0
        ]
      ]
    },
    {
      "file_path": "./images/img_0137.jpg",
      "sharpness": 12.277015193068763,
      "transform_matrix": [
        [
          -0.10004771212196213,
          -0.014988470416674574,
          0.9948697407505978,
          3.9616112681695137
        ],
        [
          0.9945719380935958,
          -0.030232615476950067,
          0.09956228662590202,
          0.5023437709328553
        ],
        [
          0.028585227934056993,
          0.999430505199548,
          0.017931816081302506,
          -0.08768673859898028
        ],
        [
          0.0,
          0.0,
          0.0,
          1.0
        ]
      ]
    },
    {
      "file_path": "./images/img_0138.jpg",
      "sharpness": 17.596977631621353,
      "transform_matrix": [
        [
          -0.11208037771370913,
          -0.01333862079935692,
          0.9936096165668663,
          4.010940640815445
        ],
        [
          0.993217119709568,
          -0.03264458081833743,
          0.11159786941976675,
          0.5293354169890522
        ],
        [
          0.030947407767687913,
          0.9993780128388843,
          0.01690696347966046,
          -0.09303949005895995
        ],
        [
          0.0,
          0.0,
          0.0,
          1.0
        ]
      ]
    },
    {
      "file_path": "./images/img_0139.jpg",
      "sharpness": 15.450991875260947,
      "transform_matrix": [
        [
          -0.12367568731355741,
          -0.013566286324912115,
          0.9922299533123868,
          4.00900799815544
        ],
        [
          0.9916762448505855,
          -0.03777610264023747,
          0.12309017616512945,
          0.5487850925509191
        ],
        [
          0.03581270398540673,
          0.9991941362678691,
          0.018125349337315636,
          -0.08659057247630146
        ],
        [
          0.0,
          0.0,
          0.0,
          1.0
        ]
      ]
    },
    {
      "file_path": "./images/img_0140.jpg",
      "sharpness": 12.812638975973538,
      "transform_matrix": [
        [
          -0.13141589043482702,
          -0.010608562743845092,
          0.9912705595069208,
          4.0223670293186125
        ],
        [
          0.9904940742498569,
          -0.04239515256910954,
          0.130859237024246,
          0.5563858091577686
        ],
        [
          0.04063683818097905,
          0.9990445983251084,
          0.016079115259076328,
          -0.08780737699732362
        ],
        [
          0.0,
          0.0,
          0.0,
          1.0
        ]
      ]
    },
    {
      "file_path": "./images/img_0141.jpg",
      "sharpness": 13.159306046098346,
      "transform_matrix": [
        [
          -0.14197478286632903,
          -0.00965236015472394,
          0.9898232129935801,
          3.969510018725739
        ],
        [
          0.9888034605439021,
          -0.047795168728570245,
          0.14136243582585245,
          0.5592858551153792
        ],
        [
          0.04594428633354348,
          0.9988105194665667,
          0.016329995825705497,
          -0.07955090691134507
        ],
        [
          0.0,
          0.0,
          0.0,
          1.0
        ]
      ]
    },
    {
      "file_path": "./images/img_0142.jpg",
      "sharpness": 13.139832067067971,
      "transform_matrix": [
        [
          -0.15494032104080044,
          -0.008275263592076823,
          0.9878891723952071,
          3.9742297365945225
        ],
        [
          0.9866838637842068,
          -0.0513811273667511,
          0.15432087576992753,
          0.5868619849677996
        ],
        [
          0.04948181346631616,
          0.9986448316445756,
          0.016126077424505898,
          -0.06956318253531332
        ],
        [
          0.0,
          0.0,
          0.0,
          1.0
        ]
      ]
    },
    {
      "file_path": "./images/img_0143.jpg",
      "sharpness": 10.518014627725785,
      "transform_matrix": [
        [
          -0.1625057323326292,
          -0.004182972394849362,
          0.9866987330023343,
          4.075436930243331
        ],
        [
          0.9852360422107844,
          -0.055281704478066004,
          0.16203047330312859,
          0.6213130715640376
        ],
        [
          0.05386861876976581,
          0.998462035281943,
          0.013104809037782533,
          -0.06958210688755911
        ],
        [
          0.0,
          0.0,
          0.0,
          1.0
        ]
      ]
    },
    {
      "file_path": "./images/img_0144.jpg",
      "sharpness": 10.187398478157107,
      "transform_matrix": [
        [
          -0.17473003824196037,
          -0.002394303848922287,
          0.9846134678402861,
          4.05796367791159
        ],
        [
          0.9828655977872945,
          -0.06003192165784482,
          0.1742738794779561,
          0.6486500188748975
        ],
        [
          0.058690973944246265,
          0.9981935862840221,
          0.0128426588507691,
          -0.058730098614051034
        ],
        [
          0.0,
          0.0,
          0.0,
          1.0
        ]
      ]
    },
    {
      "file_path": "./images/img_0145.jpg",
      "sharpness": 14.53399139979215,
      "transform_matrix": [
        [
          -0.18993767400094275,
          -0.0029128017342648985,
          0.9817918290496211,
          3.9792794127266515
        ],
        [
          0.9798171696605674,
          -0.06402297616233814,
          0.18936571115616105,
          0.6775766841114734
        ],
        [
          0.06230565009575627,
          0.9979441738478071,
          0.015014388325942214,
          -0.0395750171960089
        ],
        [
          0.0,
          0.0,
          0.0,
          1.0
        ]
      ]
    },
    {
      "file_path": "./images/img_0146.jpg",
      "sharpness": 13.861090512024534,
      "transform_matrix": [
        [
          -0.20024119928795503,
          0.0012700088644615332,
          0.9797458084588258,
          3.9930365394653773
        ],
        [
          0.9774630855663865,
          -0.06797638958385686,
          0.19986276995526014,
          0.7131675950357651
        ],
        [
          0.06685341025846692,
          0.9976861217557518,
          0.012370286990183603,
          -0.037559895953263644
        ],
        [
          0.0,
          0.0,
          0.0,
          1.0
        ]
      ]
    },
    {
      "file_path": "./images/img_0147.jpg",
      "sharpness": 12.912863248218626,
      "transform_matrix": [
        [
          -0.20249550815570935,
          0.006035575523169148,
          0.9792645919322813,
          4.181009088920468
        ],
        [
          0.9763512411843107,
          -0.07607815197795978,
          0.20236197426760144,
          0.7542707013324186
        ],
        [
          0.07572201143036854,
          0.9970835905916406,
          0.009512642391016492,
          -0.035878574960671726
        ],
        [
          0.0,
          0.0,
          0.0,
          1.0
        ]
      ]
    },
    {
      "file_path": "./images/img_0148.jpg",
      "sharpness": 20.069517686041625,
      "transform_matrix": [
        [
          -0.2201873889322116,
          0.006820686021578377,
          0.9754337455741635,
          4.068726839063615
        ],
        [
          0.9722758973658182,
          -0.07916567959496155,
          0.22002812223842555,
          0.7951400571246137
        ],
        [
          0.07872161810594322,
          0.9968381380263576,
          0.010799695660778135,
          -0.022265318565260397
        ],
        [
          0.0,
          0.0,
          0.0,
          1.0
        ]
      ]
    },
    {
      "file_path": "./images/img_0149.jpg",
      "sharpness": 23.84776908258162,
      "transform_matrix": [
        [
          -0.232390118748862,
          0.007799018228245268,
          0.9725913880093722,
          4.051773947380593
        ],
        [
          0.969056286817869,
          -0.08369804250657732,
          0.232216602893372,
          0.8477358264121494
        ],
        [
          0.08321505685400606,
          0.9964606429772479,
          0.011892910392062639,
          -0.013764082088573973
        ],
        [
          0.0,
          0.0,
          0.0,
          1.0
        ]
      ]
    }
  ]
}
